id;name
1;PROMO
2;PROMO
3;NEW
4;POPULAR
5;PROMO
6;POPULAR
7;POPULAR
8;POPULAR
9;POPULAR
10;PROMO
